% # columns="iteration, evaluation, min max(neg(.)) min(pos(.)) max correlation, correlation matrix principal axes lengths  (sorted square roots of eigenvalues of correlation matrix)", seed=581791, Sun May  4 20:48:38 2025
1 10 -0.06003484409725582 -0.013106680160597533 0.030359263734849755 0.06655800827074648 0.9087673917235233 0.9693795818236565 0.9854909604923877 0.9864834685662937 0.9970575075447055 1.0023065472692156 1.0171374358731406 1.042307898790008 1.0818440644251814
2 20 -0.06003484409725582 -0.013106680160597533 0.030359263734849755 0.06655800827074648 0.9087673917235233 0.9693795818236565 0.9854909604923877 0.9864834685662937 0.9970575075447055 1.0023065472692156 1.0171374358731406 1.042307898790008 1.0818440644251814
3 30 -0.06003484409725582 -0.013106680160597533 0.030359263734849755 0.06655800827074648 0.9087673917235233 0.9693795818236565 0.9854909604923877 0.9864834685662937 0.9970575075447055 1.0023065472692156 1.0171374358731406 1.042307898790008 1.0818440644251814
4 40 -0.06003484409725582 -0.013106680160597533 0.030359263734849755 0.06655800827074648 0.9087673917235233 0.9693795818236565 0.9854909604923877 0.9864834685662937 0.9970575075447055 1.0023065472692156 1.0171374358731406 1.042307898790008 1.0818440644251814
5 50 -0.06003484409725582 -0.013106680160597533 0.030359263734849755 0.06655800827074648 0.9087673917235233 0.9693795818236565 0.9854909604923877 0.9864834685662937 0.9970575075447055 1.0023065472692156 1.0171374358731406 1.042307898790008 1.0818440644251814
6 60 -0.06003484409725582 -0.013106680160597533 0.030359263734849755 0.06655800827074648 0.9087673917235233 0.9693795818236565 0.9854909604923877 0.9864834685662937 0.9970575075447055 1.0023065472692156 1.0171374358731406 1.042307898790008 1.0818440644251814
7 70 -0.06003484409725582 -0.013106680160597533 0.030359263734849755 0.06655800827074648 0.9087673917235233 0.9693795818236565 0.9854909604923877 0.9864834685662937 0.9970575075447055 1.0023065472692156 1.0171374358731406 1.042307898790008 1.0818440644251814
8 80 -0.06003484409725582 -0.013106680160597533 0.030359263734849755 0.06655800827074648 0.9087673917235233 0.9693795818236565 0.9854909604923877 0.9864834685662937 0.9970575075447055 1.0023065472692156 1.0171374358731406 1.042307898790008 1.0818440644251814
9 90 -0.06003484409725582 -0.013106680160597533 0.030359263734849755 0.06655800827074648 0.9087673917235233 0.9693795818236565 0.9854909604923877 0.9864834685662937 0.9970575075447055 1.0023065472692156 1.0171374358731406 1.042307898790008 1.0818440644251814
10 100 -0.21908752833632394 -0.08966188311456871 0.11289645104971524 0.3052835321061267 0.5943578070428116 0.8259587284260651 0.912635503575858 0.9591220448577262 1.0020852178155255 1.0408161465103982 1.0749005581988484 1.1455153649383965 1.2870985280457539
11 110 -0.21908752833632394 -0.08966188311456871 0.11289645104971524 0.3052835321061267 0.5943578070428116 0.8259587284260651 0.912635503575858 0.9591220448577262 1.0020852178155255 1.0408161465103982 1.0749005581988484 1.1455153649383965 1.2870985280457539
12 120 -0.21908752833632394 -0.08966188311456871 0.11289645104971524 0.3052835321061267 0.5943578070428116 0.8259587284260651 0.912635503575858 0.9591220448577262 1.0020852178155255 1.0408161465103982 1.0749005581988484 1.1455153649383965 1.2870985280457539
13 130 -0.21908752833632394 -0.08966188311456871 0.11289645104971524 0.3052835321061267 0.5943578070428116 0.8259587284260651 0.912635503575858 0.9591220448577262 1.0020852178155255 1.0408161465103982 1.0749005581988484 1.1455153649383965 1.2870985280457539
14 140 -0.21908752833632394 -0.08966188311456871 0.11289645104971524 0.3052835321061267 0.5943578070428116 0.8259587284260651 0.912635503575858 0.9591220448577262 1.0020852178155255 1.0408161465103982 1.0749005581988484 1.1455153649383965 1.2870985280457539
15 150 -0.21908752833632394 -0.08966188311456871 0.11289645104971524 0.3052835321061267 0.5943578070428116 0.8259587284260651 0.912635503575858 0.9591220448577262 1.0020852178155255 1.0408161465103982 1.0749005581988484 1.1455153649383965 1.2870985280457539
16 160 -0.21908752833632394 -0.08966188311456871 0.11289645104971524 0.3052835321061267 0.5943578070428116 0.8259587284260651 0.912635503575858 0.9591220448577262 1.0020852178155255 1.0408161465103982 1.0749005581988484 1.1455153649383965 1.2870985280457539
17 170 -0.21908752833632394 -0.08966188311456871 0.11289645104971524 0.3052835321061267 0.5943578070428116 0.8259587284260651 0.912635503575858 0.9591220448577262 1.0020852178155255 1.0408161465103982 1.0749005581988484 1.1455153649383965 1.2870985280457539
18 180 -0.21908752833632394 -0.08966188311456871 0.11289645104971524 0.3052835321061267 0.5943578070428116 0.8259587284260651 0.912635503575858 0.9591220448577262 1.0020852178155255 1.0408161465103982 1.0749005581988484 1.1455153649383965 1.2870985280457539
19 190 -0.28579565865489515 -0.1353241003957901 0.06990229271044042 0.2286409457305309 0.5918346680439343 0.7907486582939615 0.8973116178388235 0.9140422703149138 1.0156176902335288 1.068038797776553 1.08648748015783 1.160148464205167 1.298160700324911
20 200 -0.28579565865489515 -0.1353241003957901 0.06990229271044042 0.2286409457305309 0.5918346680439343 0.7907486582939615 0.8973116178388235 0.9140422703149138 1.0156176902335288 1.068038797776553 1.08648748015783 1.160148464205167 1.298160700324911
21 210 -0.28579565865489515 -0.1353241003957901 0.06990229271044042 0.2286409457305309 0.5918346680439343 0.7907486582939615 0.8973116178388235 0.9140422703149138 1.0156176902335288 1.068038797776553 1.08648748015783 1.160148464205167 1.298160700324911
22 220 -0.28579565865489515 -0.1353241003957901 0.06990229271044042 0.2286409457305309 0.5918346680439343 0.7907486582939615 0.8973116178388235 0.9140422703149138 1.0156176902335288 1.068038797776553 1.08648748015783 1.160148464205167 1.298160700324911
23 230 -0.28579565865489515 -0.1353241003957901 0.06990229271044042 0.2286409457305309 0.5918346680439343 0.7907486582939615 0.8973116178388235 0.9140422703149138 1.0156176902335288 1.068038797776553 1.08648748015783 1.160148464205167 1.298160700324911
24 240 -0.28579565865489515 -0.1353241003957901 0.06990229271044042 0.2286409457305309 0.5918346680439343 0.7907486582939615 0.8973116178388235 0.9140422703149138 1.0156176902335288 1.068038797776553 1.08648748015783 1.160148464205167 1.298160700324911
25 250 -0.28579565865489515 -0.1353241003957901 0.06990229271044042 0.2286409457305309 0.5918346680439343 0.7907486582939615 0.8973116178388235 0.9140422703149138 1.0156176902335288 1.068038797776553 1.08648748015783 1.160148464205167 1.298160700324911
26 260 -0.28579565865489515 -0.1353241003957901 0.06990229271044042 0.2286409457305309 0.5918346680439343 0.7907486582939615 0.8973116178388235 0.9140422703149138 1.0156176902335288 1.068038797776553 1.08648748015783 1.160148464205167 1.298160700324911
27 270 -0.28579565865489515 -0.1353241003957901 0.06990229271044042 0.2286409457305309 0.5918346680439343 0.7907486582939615 0.8973116178388235 0.9140422703149138 1.0156176902335288 1.068038797776553 1.08648748015783 1.160148464205167 1.298160700324911
28 280 -0.3325075903547303 -0.11510559455392216 0.07394828762437211 0.44947769769253676 0.5495721792777046 0.7451517611439344 0.8493178787830342 0.9054520287288818 0.9886040922996576 1.0715721991380354 1.1805317306988874 1.2123878903218754 1.2697993715603642
29 290 -0.3325075903547303 -0.11510559455392216 0.07394828762437211 0.44947769769253676 0.5495721792777046 0.7451517611439344 0.8493178787830342 0.9054520287288818 0.9886040922996576 1.0715721991380354 1.1805317306988874 1.2123878903218754 1.2697993715603642
30 300 -0.3325075903547303 -0.11510559455392216 0.07394828762437211 0.44947769769253676 0.5495721792777046 0.7451517611439344 0.8493178787830342 0.9054520287288818 0.9886040922996576 1.0715721991380354 1.1805317306988874 1.2123878903218754 1.2697993715603642
31 310 -0.3325075903547303 -0.11510559455392216 0.07394828762437211 0.44947769769253676 0.5495721792777046 0.7451517611439344 0.8493178787830342 0.9054520287288818 0.9886040922996576 1.0715721991380354 1.1805317306988874 1.2123878903218754 1.2697993715603642
32 320 -0.3325075903547303 -0.11510559455392216 0.07394828762437211 0.44947769769253676 0.5495721792777046 0.7451517611439344 0.8493178787830342 0.9054520287288818 0.9886040922996576 1.0715721991380354 1.1805317306988874 1.2123878903218754 1.2697993715603642
33 330 -0.3325075903547303 -0.11510559455392216 0.07394828762437211 0.44947769769253676 0.5495721792777046 0.7451517611439344 0.8493178787830342 0.9054520287288818 0.9886040922996576 1.0715721991380354 1.1805317306988874 1.2123878903218754 1.2697993715603642
34 340 -0.3325075903547303 -0.11510559455392216 0.07394828762437211 0.44947769769253676 0.5495721792777046 0.7451517611439344 0.8493178787830342 0.9054520287288818 0.9886040922996576 1.0715721991380354 1.1805317306988874 1.2123878903218754 1.2697993715603642
35 350 -0.3325075903547303 -0.11510559455392216 0.07394828762437211 0.44947769769253676 0.5495721792777046 0.7451517611439344 0.8493178787830342 0.9054520287288818 0.9886040922996576 1.0715721991380354 1.1805317306988874 1.2123878903218754 1.2697993715603642
36 360 -0.3325075903547303 -0.11510559455392216 0.07394828762437211 0.44947769769253676 0.5495721792777046 0.7451517611439344 0.8493178787830342 0.9054520287288818 0.9886040922996576 1.0715721991380354 1.1805317306988874 1.2123878903218754 1.2697993715603642
37 370 -0.3641703727626202 -0.129949316844015 0.08707587327832317 0.4317012968120975 0.5863454692957399 0.6839234000734851 0.8020459306189159 0.9083386011230147 0.9965531268972194 1.109868646608052 1.1477380922671911 1.2239691882973218 1.2960560306411344
38 380 -0.3641703727626202 -0.129949316844015 0.08707587327832317 0.4317012968120975 0.5863454692957399 0.6839234000734851 0.8020459306189159 0.9083386011230147 0.9965531268972194 1.109868646608052 1.1477380922671911 1.2239691882973218 1.2960560306411344
39 390 -0.3641703727626202 -0.129949316844015 0.08707587327832317 0.4317012968120975 0.5863454692957399 0.6839234000734851 0.8020459306189159 0.9083386011230147 0.9965531268972194 1.109868646608052 1.1477380922671911 1.2239691882973218 1.2960560306411344
40 400 -0.3641703727626202 -0.129949316844015 0.08707587327832317 0.4317012968120975 0.5863454692957399 0.6839234000734851 0.8020459306189159 0.9083386011230147 0.9965531268972194 1.109868646608052 1.1477380922671911 1.2239691882973218 1.2960560306411344
41 410 -0.3641703727626202 -0.129949316844015 0.08707587327832317 0.4317012968120975 0.5863454692957399 0.6839234000734851 0.8020459306189159 0.9083386011230147 0.9965531268972194 1.109868646608052 1.1477380922671911 1.2239691882973218 1.2960560306411344
42 420 -0.3641703727626202 -0.129949316844015 0.08707587327832317 0.4317012968120975 0.5863454692957399 0.6839234000734851 0.8020459306189159 0.9083386011230147 0.9965531268972194 1.109868646608052 1.1477380922671911 1.2239691882973218 1.2960560306411344
43 430 -0.3641703727626202 -0.129949316844015 0.08707587327832317 0.4317012968120975 0.5863454692957399 0.6839234000734851 0.8020459306189159 0.9083386011230147 0.9965531268972194 1.109868646608052 1.1477380922671911 1.2239691882973218 1.2960560306411344
44 440 -0.3641703727626202 -0.129949316844015 0.08707587327832317 0.4317012968120975 0.5863454692957399 0.6839234000734851 0.8020459306189159 0.9083386011230147 0.9965531268972194 1.109868646608052 1.1477380922671911 1.2239691882973218 1.2960560306411344
45 450 -0.3641703727626202 -0.129949316844015 0.08707587327832317 0.4317012968120975 0.5863454692957399 0.6839234000734851 0.8020459306189159 0.9083386011230147 0.9965531268972194 1.109868646608052 1.1477380922671911 1.2239691882973218 1.2960560306411344
46 460 -0.352183442833658 -0.11564052986894417 0.10112103302930478 0.44948121670263036 0.5703349236187473 0.6835816986115653 0.8313096330764937 0.9675926626957108 1.0233397503057318 1.0468274639558681 1.12956013691178 1.226189003490252 1.2874802174197193
47 470 -0.352183442833658 -0.11564052986894417 0.10112103302930478 0.44948121670263036 0.5703349236187473 0.6835816986115653 0.8313096330764937 0.9675926626957108 1.0233397503057318 1.0468274639558681 1.12956013691178 1.226189003490252 1.2874802174197193
48 480 -0.352183442833658 -0.11564052986894417 0.10112103302930478 0.44948121670263036 0.5703349236187473 0.6835816986115653 0.8313096330764937 0.9675926626957108 1.0233397503057318 1.0468274639558681 1.12956013691178 1.226189003490252 1.2874802174197193
49 490 -0.352183442833658 -0.11564052986894417 0.10112103302930478 0.44948121670263036 0.5703349236187473 0.6835816986115653 0.8313096330764937 0.9675926626957108 1.0233397503057318 1.0468274639558681 1.12956013691178 1.226189003490252 1.2874802174197193
50 500 -0.352183442833658 -0.11564052986894417 0.10112103302930478 0.44948121670263036 0.5703349236187473 0.6835816986115653 0.8313096330764937 0.9675926626957108 1.0233397503057318 1.0468274639558681 1.12956013691178 1.226189003490252 1.2874802174197193
51 510 -0.352183442833658 -0.11564052986894417 0.10112103302930478 0.44948121670263036 0.5703349236187473 0.6835816986115653 0.8313096330764937 0.9675926626957108 1.0233397503057318 1.0468274639558681 1.12956013691178 1.226189003490252 1.2874802174197193
52 520 -0.352183442833658 -0.11564052986894417 0.10112103302930478 0.44948121670263036 0.5703349236187473 0.6835816986115653 0.8313096330764937 0.9675926626957108 1.0233397503057318 1.0468274639558681 1.12956013691178 1.226189003490252 1.2874802174197193
53 530 -0.352183442833658 -0.11564052986894417 0.10112103302930478 0.44948121670263036 0.5703349236187473 0.6835816986115653 0.8313096330764937 0.9675926626957108 1.0233397503057318 1.0468274639558681 1.12956013691178 1.226189003490252 1.2874802174197193
54 540 -0.352183442833658 -0.11564052986894417 0.10112103302930478 0.44948121670263036 0.5703349236187473 0.6835816986115653 0.8313096330764937 0.9675926626957108 1.0233397503057318 1.0468274639558681 1.12956013691178 1.226189003490252 1.2874802174197193
55 550 -0.4366861716207549 -0.1235720718535239 0.05180015022102887 0.40879852254885896 0.6317116766814054 0.6826428410522883 0.7766030237380072 0.983077615181366 1.0117763247397844 1.0489563825292163 1.13558379930195 1.2164132407704238 1.2931251655749916
56 560 -0.4366861716207549 -0.1235720718535239 0.05180015022102887 0.40879852254885896 0.6317116766814054 0.6826428410522883 0.7766030237380072 0.983077615181366 1.0117763247397844 1.0489563825292163 1.13558379930195 1.2164132407704238 1.2931251655749916
57 570 -0.4366861716207549 -0.1235720718535239 0.05180015022102887 0.40879852254885896 0.6317116766814054 0.6826428410522883 0.7766030237380072 0.983077615181366 1.0117763247397844 1.0489563825292163 1.13558379930195 1.2164132407704238 1.2931251655749916
58 580 -0.4366861716207549 -0.1235720718535239 0.05180015022102887 0.40879852254885896 0.6317116766814054 0.6826428410522883 0.7766030237380072 0.983077615181366 1.0117763247397844 1.0489563825292163 1.13558379930195 1.2164132407704238 1.2931251655749916
59 590 -0.4366861716207549 -0.1235720718535239 0.05180015022102887 0.40879852254885896 0.6317116766814054 0.6826428410522883 0.7766030237380072 0.983077615181366 1.0117763247397844 1.0489563825292163 1.13558379930195 1.2164132407704238 1.2931251655749916
60 600 -0.4366861716207549 -0.1235720718535239 0.05180015022102887 0.40879852254885896 0.6317116766814054 0.6826428410522883 0.7766030237380072 0.983077615181366 1.0117763247397844 1.0489563825292163 1.13558379930195 1.2164132407704238 1.2931251655749916
61 610 -0.4366861716207549 -0.1235720718535239 0.05180015022102887 0.40879852254885896 0.6317116766814054 0.6826428410522883 0.7766030237380072 0.983077615181366 1.0117763247397844 1.0489563825292163 1.13558379930195 1.2164132407704238 1.2931251655749916
62 620 -0.4366861716207549 -0.1235720718535239 0.05180015022102887 0.40879852254885896 0.6317116766814054 0.6826428410522883 0.7766030237380072 0.983077615181366 1.0117763247397844 1.0489563825292163 1.13558379930195 1.2164132407704238 1.2931251655749916
63 630 -0.4366861716207549 -0.1235720718535239 0.05180015022102887 0.40879852254885896 0.6317116766814054 0.6826428410522883 0.7766030237380072 0.983077615181366 1.0117763247397844 1.0489563825292163 1.13558379930195 1.2164132407704238 1.2931251655749916
64 640 -0.4113727184024927 -0.0869936446720667 0.1078910996635479 0.3655392792406534 0.6589123567956815 0.7138330344844578 0.7530713887618896 0.9010058885895378 1.0127574272525581 1.067688528601627 1.1520836418724116 1.219712996173412 1.3025804641667396
65 650 -0.4113727184024927 -0.0869936446720667 0.1078910996635479 0.3655392792406534 0.6589123567956815 0.7138330344844578 0.7530713887618896 0.9010058885895378 1.0127574272525581 1.067688528601627 1.1520836418724116 1.219712996173412 1.3025804641667396
66 660 -0.4113727184024927 -0.0869936446720667 0.1078910996635479 0.3655392792406534 0.6589123567956815 0.7138330344844578 0.7530713887618896 0.9010058885895378 1.0127574272525581 1.067688528601627 1.1520836418724116 1.219712996173412 1.3025804641667396
67 670 -0.4113727184024927 -0.0869936446720667 0.1078910996635479 0.3655392792406534 0.6589123567956815 0.7138330344844578 0.7530713887618896 0.9010058885895378 1.0127574272525581 1.067688528601627 1.1520836418724116 1.219712996173412 1.3025804641667396
68 680 -0.4113727184024927 -0.0869936446720667 0.1078910996635479 0.3655392792406534 0.6589123567956815 0.7138330344844578 0.7530713887618896 0.9010058885895378 1.0127574272525581 1.067688528601627 1.1520836418724116 1.219712996173412 1.3025804641667396
69 690 -0.4113727184024927 -0.0869936446720667 0.1078910996635479 0.3655392792406534 0.6589123567956815 0.7138330344844578 0.7530713887618896 0.9010058885895378 1.0127574272525581 1.067688528601627 1.1520836418724116 1.219712996173412 1.3025804641667396
70 700 -0.4113727184024927 -0.0869936446720667 0.1078910996635479 0.3655392792406534 0.6589123567956815 0.7138330344844578 0.7530713887618896 0.9010058885895378 1.0127574272525581 1.067688528601627 1.1520836418724116 1.219712996173412 1.3025804641667396
71 710 -0.4113727184024927 -0.0869936446720667 0.1078910996635479 0.3655392792406534 0.6589123567956815 0.7138330344844578 0.7530713887618896 0.9010058885895378 1.0127574272525581 1.067688528601627 1.1520836418724116 1.219712996173412 1.3025804641667396
72 720 -0.4113727184024927 -0.0869936446720667 0.1078910996635479 0.3655392792406534 0.6589123567956815 0.7138330344844578 0.7530713887618896 0.9010058885895378 1.0127574272525581 1.067688528601627 1.1520836418724116 1.219712996173412 1.3025804641667396
73 730 -0.37621935029473547 -0.1045589708790747 0.06595980117822767 0.35793402423505427 0.6477727903576584 0.723174881614386 0.7812663281986911 0.9569933272751788 0.9988314686254876 1.0619653385322467 1.1309665294005056 1.2310257268363844 1.2693505760546449
74 740 -0.37621935029473547 -0.1045589708790747 0.06595980117822767 0.35793402423505427 0.6477727903576584 0.723174881614386 0.7812663281986911 0.9569933272751788 0.9988314686254876 1.0619653385322467 1.1309665294005056 1.2310257268363844 1.2693505760546449
75 750 -0.37621935029473547 -0.1045589708790747 0.06595980117822767 0.35793402423505427 0.6477727903576584 0.723174881614386 0.7812663281986911 0.9569933272751788 0.9988314686254876 1.0619653385322467 1.1309665294005056 1.2310257268363844 1.2693505760546449
76 760 -0.37621935029473547 -0.1045589708790747 0.06595980117822767 0.35793402423505427 0.6477727903576584 0.723174881614386 0.7812663281986911 0.9569933272751788 0.9988314686254876 1.0619653385322467 1.1309665294005056 1.2310257268363844 1.2693505760546449
77 770 -0.37621935029473547 -0.1045589708790747 0.06595980117822767 0.35793402423505427 0.6477727903576584 0.723174881614386 0.7812663281986911 0.9569933272751788 0.9988314686254876 1.0619653385322467 1.1309665294005056 1.2310257268363844 1.2693505760546449
78 780 -0.37621935029473547 -0.1045589708790747 0.06595980117822767 0.35793402423505427 0.6477727903576584 0.723174881614386 0.7812663281986911 0.9569933272751788 0.9988314686254876 1.0619653385322467 1.1309665294005056 1.2310257268363844 1.2693505760546449
79 790 -0.37621935029473547 -0.1045589708790747 0.06595980117822767 0.35793402423505427 0.6477727903576584 0.723174881614386 0.7812663281986911 0.9569933272751788 0.9988314686254876 1.0619653385322467 1.1309665294005056 1.2310257268363844 1.2693505760546449
80 800 -0.37621935029473547 -0.1045589708790747 0.06595980117822767 0.35793402423505427 0.6477727903576584 0.723174881614386 0.7812663281986911 0.9569933272751788 0.9988314686254876 1.0619653385322467 1.1309665294005056 1.2310257268363844 1.2693505760546449
81 810 -0.37621935029473547 -0.1045589708790747 0.06595980117822767 0.35793402423505427 0.6477727903576584 0.723174881614386 0.7812663281986911 0.9569933272751788 0.9988314686254876 1.0619653385322467 1.1309665294005056 1.2310257268363844 1.2693505760546449
82 820 -0.3627731072993873 -0.11531203003464599 0.07324334719176205 0.38570239023123426 0.6300042554983744 0.7168447295826625 0.7964163285450178 0.8568237992139712 0.9485549947787995 1.054655981997833 1.1763211499398463 1.268322238672927 1.310104466467915
83 830 -0.3627731072993873 -0.11531203003464599 0.07324334719176205 0.38570239023123426 0.6300042554983744 0.7168447295826625 0.7964163285450178 0.8568237992139712 0.9485549947787995 1.054655981997833 1.1763211499398463 1.268322238672927 1.310104466467915
84 840 -0.3627731072993873 -0.11531203003464599 0.07324334719176205 0.38570239023123426 0.6300042554983744 0.7168447295826625 0.7964163285450178 0.8568237992139712 0.9485549947787995 1.054655981997833 1.1763211499398463 1.268322238672927 1.310104466467915
85 850 -0.3627731072993873 -0.11531203003464599 0.07324334719176205 0.38570239023123426 0.6300042554983744 0.7168447295826625 0.7964163285450178 0.8568237992139712 0.9485549947787995 1.054655981997833 1.1763211499398463 1.268322238672927 1.310104466467915
86 860 -0.3627731072993873 -0.11531203003464599 0.07324334719176205 0.38570239023123426 0.6300042554983744 0.7168447295826625 0.7964163285450178 0.8568237992139712 0.9485549947787995 1.054655981997833 1.1763211499398463 1.268322238672927 1.310104466467915
87 870 -0.3627731072993873 -0.11531203003464599 0.07324334719176205 0.38570239023123426 0.6300042554983744 0.7168447295826625 0.7964163285450178 0.8568237992139712 0.9485549947787995 1.054655981997833 1.1763211499398463 1.268322238672927 1.310104466467915
88 880 -0.3627731072993873 -0.11531203003464599 0.07324334719176205 0.38570239023123426 0.6300042554983744 0.7168447295826625 0.7964163285450178 0.8568237992139712 0.9485549947787995 1.054655981997833 1.1763211499398463 1.268322238672927 1.310104466467915
89 890 -0.3627731072993873 -0.11531203003464599 0.07324334719176205 0.38570239023123426 0.6300042554983744 0.7168447295826625 0.7964163285450178 0.8568237992139712 0.9485549947787995 1.054655981997833 1.1763211499398463 1.268322238672927 1.310104466467915
90 900 -0.3627731072993873 -0.11531203003464599 0.07324334719176205 0.38570239023123426 0.6300042554983744 0.7168447295826625 0.7964163285450178 0.8568237992139712 0.9485549947787995 1.054655981997833 1.1763211499398463 1.268322238672927 1.310104466467915
91 910 -0.26639934610754035 -0.10047902803928292 0.0628852990916596 0.3154318664977574 0.6522882887826481 0.7614685975282152 0.8209859342805805 0.8696125611139226 0.9785052758273687 1.0440160730896895 1.1545679931303117 1.2432337740661314 1.2799773627414126
91 910 -0.26639934610754035 -0.10047902803928292 0.0628852990916596 0.3154318664977574 0.6522882887826481 0.7614685975282152 0.8209859342805805 0.8696125611139226 0.9785052758273687 1.0440160730896895 1.1545679931303117 1.2432337740661314 1.2799773627414126
