% # columns="iteration, evaluation, min max(neg(.)) min(pos(.)) max correlation, correlation matrix principal axes lengths  (sorted square roots of eigenvalues of correlation matrix)", seed=581791, Sun May  4 20:48:38 2025
1 10 -0.06500770062058794 -0.03487131761614175 0.01448086121202228 0.06526459292254048 0.9193040739643238 0.9547266317448366 0.980016912192915 0.9947244060558554 1.0002766635475875 1.0094910431029218 1.0106932508717894 1.0267624141354652 1.0945774590500443
2 20 -0.12096297562019157 -0.06387174235718124 0.038806809768323236 0.1488254165132107 0.9193040739643238 0.9547266317448366 0.980016912192915 0.9947244060558554 1.0002766635475875 1.0094910431029218 1.0106932508717894 1.0267624141354652 1.0945774590500443
3 30 -0.1455220253513462 -0.07943080804418784 0.04496346913529512 0.23302406917226828 0.9193040739643238 0.9547266317448366 0.980016912192915 0.9947244060558554 1.0002766635475875 1.0094910431029218 1.0106932508717894 1.0267624141354652 1.0945774590500443
4 40 -0.1990027683718618 -0.09191911669608954 0.03213077613744804 0.25228542220965366 0.9193040739643238 0.9547266317448366 0.980016912192915 0.9947244060558554 1.0002766635475875 1.0094910431029218 1.0106932508717894 1.0267624141354652 1.0945774590500443
5 50 -0.24253932517047191 -0.07456440775457124 0.03888401708210654 0.2602721752496762 0.9193040739643238 0.9547266317448366 0.980016912192915 0.9947244060558554 1.0002766635475875 1.0094910431029218 1.0106932508717894 1.0267624141354652 1.0945774590500443
6 60 -0.2968570511826674 -0.0704983216278939 0.05870031951126043 0.25685606323092697 0.9193040739643238 0.9547266317448366 0.980016912192915 0.9947244060558554 1.0002766635475875 1.0094910431029218 1.0106932508717894 1.0267624141354652 1.0945774590500443
7 70 -0.3700000072577669 -0.07425302148683309 0.061848743451497434 0.273693126523218 0.9193040739643238 0.9547266317448366 0.980016912192915 0.9947244060558554 1.0002766635475875 1.0094910431029218 1.0106932508717894 1.0267624141354652 1.0945774590500443
8 80 -0.3457187945690051 -0.07819358153835165 0.05363427468357384 0.2371859967967769 0.9193040739643238 0.9547266317448366 0.980016912192915 0.9947244060558554 1.0002766635475875 1.0094910431029218 1.0106932508717894 1.0267624141354652 1.0945774590500443
9 90 -0.37991668280732005 -0.10401452642892975 0.0736306288695409 0.24533634335641497 0.9193040739643238 0.9547266317448366 0.980016912192915 0.9947244060558554 1.0002766635475875 1.0094910431029218 1.0106932508717894 1.0267624141354652 1.0945774590500443
10 100 -0.3925589610645651 -0.12779496533065227 0.11525980048077837 0.2890925628326502 0.6976974116691864 0.785554276620578 0.8413636167074836 0.8722680350962264 0.9512014467001819 0.9771946968353284 1.0205473055848657 1.1383443453342068 1.493432362192881
11 110 -0.3874350270019033 -0.1718012185408897 0.12709885479346672 0.30221309646845484 0.6976974116691864 0.785554276620578 0.8413636167074836 0.8722680350962264 0.9512014467001819 0.9771946968353284 1.0205473055848657 1.1383443453342068 1.493432362192881
12 120 -0.3522376789420408 -0.1592646382638443 0.11854455567675609 0.30503371827395953 0.6976974116691864 0.785554276620578 0.8413636167074836 0.8722680350962264 0.9512014467001819 0.9771946968353284 1.0205473055848657 1.1383443453342068 1.493432362192881
13 130 -0.3898625710901543 -0.17698258611390022 0.1256439921737109 0.3641473577151173 0.6976974116691864 0.785554276620578 0.8413636167074836 0.8722680350962264 0.9512014467001819 0.9771946968353284 1.0205473055848657 1.1383443453342068 1.493432362192881
14 140 -0.3938055081207453 -0.1477558827185649 0.10376488048578608 0.36985787212768756 0.6976974116691864 0.785554276620578 0.8413636167074836 0.8722680350962264 0.9512014467001819 0.9771946968353284 1.0205473055848657 1.1383443453342068 1.493432362192881
15 150 -0.3904124440084307 -0.15738721514953832 0.10092945641592883 0.35435753241426543 0.6976974116691864 0.785554276620578 0.8413636167074836 0.8722680350962264 0.9512014467001819 0.9771946968353284 1.0205473055848657 1.1383443453342068 1.493432362192881
16 160 -0.4107985250843395 -0.15458056281661947 0.10241806770854921 0.35735278140507776 0.6976974116691864 0.785554276620578 0.8413636167074836 0.8722680350962264 0.9512014467001819 0.9771946968353284 1.0205473055848657 1.1383443453342068 1.493432362192881
17 170 -0.4051149927481397 -0.12344191753863631 0.08783746207437998 0.416015512823571 0.6976974116691864 0.785554276620578 0.8413636167074836 0.8722680350962264 0.9512014467001819 0.9771946968353284 1.0205473055848657 1.1383443453342068 1.493432362192881
18 180 -0.4145771498706556 -0.10416704733266408 0.11865922711361214 0.4046356323085026 0.6976974116691864 0.785554276620578 0.8413636167074836 0.8722680350962264 0.9512014467001819 0.9771946968353284 1.0205473055848657 1.1383443453342068 1.493432362192881
19 190 -0.3729410596310793 -0.05836648233463701 0.11528709681416621 0.3791707145431265 0.685852254141972 0.7714765360767014 0.8014830078418004 0.8475133953705919 0.9440217174933652 1.0330799562755464 1.0539902281656361 1.1573133665665305 1.471419669543712
20 200 -0.3483703881112041 -0.07919484817414497 0.12309135472141805 0.3870989328306095 0.685852254141972 0.7714765360767014 0.8014830078418004 0.8475133953705919 0.9440217174933652 1.0330799562755464 1.0539902281656361 1.1573133665665305 1.471419669543712
21 210 -0.34429288745610903 -0.07898663773964087 0.144266194845392 0.3590230551313162 0.685852254141972 0.7714765360767014 0.8014830078418004 0.8475133953705919 0.9440217174933652 1.0330799562755464 1.0539902281656361 1.1573133665665305 1.471419669543712
22 220 -0.317107447286307 -0.06690912595013723 0.127736669837139 0.369110204066838 0.685852254141972 0.7714765360767014 0.8014830078418004 0.8475133953705919 0.9440217174933652 1.0330799562755464 1.0539902281656361 1.1573133665665305 1.471419669543712
23 230 -0.3262002504669228 -0.0675653231501926 0.13852206392771074 0.3829030926142691 0.685852254141972 0.7714765360767014 0.8014830078418004 0.8475133953705919 0.9440217174933652 1.0330799562755464 1.0539902281656361 1.1573133665665305 1.471419669543712
24 240 -0.4057560361100886 -0.09329683228328285 0.15011743935614255 0.42566102687662777 0.685852254141972 0.7714765360767014 0.8014830078418004 0.8475133953705919 0.9440217174933652 1.0330799562755464 1.0539902281656361 1.1573133665665305 1.471419669543712
25 250 -0.45996613468023995 -0.09306126811693632 0.11692553770596997 0.38754046407612314 0.685852254141972 0.7714765360767014 0.8014830078418004 0.8475133953705919 0.9440217174933652 1.0330799562755464 1.0539902281656361 1.1573133665665305 1.471419669543712
26 260 -0.49401419637189636 -0.11367340843943102 0.11824647579442873 0.3749787349189383 0.685852254141972 0.7714765360767014 0.8014830078418004 0.8475133953705919 0.9440217174933652 1.0330799562755464 1.0539902281656361 1.1573133665665305 1.471419669543712
27 270 -0.5123309682020911 -0.1093011037204164 0.15058665598611903 0.36764892300112456 0.685852254141972 0.7714765360767014 0.8014830078418004 0.8475133953705919 0.9440217174933652 1.0330799562755464 1.0539902281656361 1.1573133665665305 1.471419669543712
28 280 -0.5323342908587771 -0.1438410472794066 0.1561210055577647 0.3980025564669726 0.6488589517481222 0.7217094176490844 0.7522464830513383 0.8286145922010407 0.9511906411237886 1.0074963262021477 1.0545811387405013 1.2016230803386878 1.526364561655958
29 290 -0.5351190943343714 -0.1448080642235816 0.12746977477519184 0.4183946640686317 0.6488589517481222 0.7217094176490844 0.7522464830513383 0.8286145922010407 0.9511906411237886 1.0074963262021477 1.0545811387405013 1.2016230803386878 1.526364561655958
30 300 -0.5446387165440184 -0.13855294294867176 0.14898571835439345 0.41534446956961485 0.6488589517481222 0.7217094176490844 0.7522464830513383 0.8286145922010407 0.9511906411237886 1.0074963262021477 1.0545811387405013 1.2016230803386878 1.526364561655958
31 310 -0.535715088045213 -0.11505069389296524 0.15317549715121703 0.38942451539478523 0.6488589517481222 0.7217094176490844 0.7522464830513383 0.8286145922010407 0.9511906411237886 1.0074963262021477 1.0545811387405013 1.2016230803386878 1.526364561655958
32 320 -0.5059557970884553 -0.06462947787410822 0.14644717859365927 0.3653148912396876 0.6488589517481222 0.7217094176490844 0.7522464830513383 0.8286145922010407 0.9511906411237886 1.0074963262021477 1.0545811387405013 1.2016230803386878 1.526364561655958
33 330 -0.48838954183670164 -0.07257640112740818 0.146412115341277 0.36583874924114956 0.6488589517481222 0.7217094176490844 0.7522464830513383 0.8286145922010407 0.9511906411237886 1.0074963262021477 1.0545811387405013 1.2016230803386878 1.526364561655958
34 340 -0.5353253551342044 -0.08017467645643188 0.17401651380780286 0.3824209669419139 0.6488589517481222 0.7217094176490844 0.7522464830513383 0.8286145922010407 0.9511906411237886 1.0074963262021477 1.0545811387405013 1.2016230803386878 1.526364561655958
35 350 -0.5081055217264248 -0.10667614021444435 0.15330995755921012 0.4151310914323219 0.6488589517481222 0.7217094176490844 0.7522464830513383 0.8286145922010407 0.9511906411237886 1.0074963262021477 1.0545811387405013 1.2016230803386878 1.526364561655958
36 360 -0.5042533512865145 -0.09652339454172654 0.13595780282851486 0.3929829600415508 0.6488589517481222 0.7217094176490844 0.7522464830513383 0.8286145922010407 0.9511906411237886 1.0074963262021477 1.0545811387405013 1.2016230803386878 1.526364561655958
37 370 -0.5075360364866065 -0.09265189981981128 0.1402198754654716 0.37684503607928616 0.6482265316073633 0.7193174188364632 0.7464771493230123 0.8350489513894278 0.9025008835618591 0.9867221590730598 1.1408320911383822 1.284928273187976 1.437770126813044
38 380 -0.5086336859515788 -0.07123089164148796 0.14310250991932777 0.37318455578816606 0.6482265316073633 0.7193174188364632 0.7464771493230123 0.8350489513894278 0.9025008835618591 0.9867221590730598 1.1408320911383822 1.284928273187976 1.437770126813044
39 390 -0.5403265827950057 -0.0907823074160986 0.1426752233485578 0.37443736172936637 0.6482265316073633 0.7193174188364632 0.7464771493230123 0.8350489513894278 0.9025008835618591 0.9867221590730598 1.1408320911383822 1.284928273187976 1.437770126813044
40 400 -0.5301946268708393 -0.09028076613931912 0.14862820922746908 0.3671090671019613 0.6482265316073633 0.7193174188364632 0.7464771493230123 0.8350489513894278 0.9025008835618591 0.9867221590730598 1.1408320911383822 1.284928273187976 1.437770126813044
41 410 -0.5586711176273537 -0.09185899654093527 0.1427453117748832 0.39847244921039315 0.6482265316073633 0.7193174188364632 0.7464771493230123 0.8350489513894278 0.9025008835618591 0.9867221590730598 1.1408320911383822 1.284928273187976 1.437770126813044
42 420 -0.5591676992777359 -0.10696280203128564 0.16488293675161944 0.41322854815443716 0.6482265316073633 0.7193174188364632 0.7464771493230123 0.8350489513894278 0.9025008835618591 0.9867221590730598 1.1408320911383822 1.284928273187976 1.437770126813044
43 430 -0.5679928429796233 -0.0989564648335221 0.15708578164952547 0.371306601329592 0.6482265316073633 0.7193174188364632 0.7464771493230123 0.8350489513894278 0.9025008835618591 0.9867221590730598 1.1408320911383822 1.284928273187976 1.437770126813044
44 440 -0.5660125070699898 -0.08652304246648475 0.13234636378082357 0.3637136801187865 0.6482265316073633 0.7193174188364632 0.7464771493230123 0.8350489513894278 0.9025008835618591 0.9867221590730598 1.1408320911383822 1.284928273187976 1.437770126813044
45 450 -0.543077381547089 -0.0964132862056507 0.13854013863042483 0.3562616292760369 0.6482265316073633 0.7193174188364632 0.7464771493230123 0.8350489513894278 0.9025008835618591 0.9867221590730598 1.1408320911383822 1.284928273187976 1.437770126813044
46 460 -0.5319437939578935 -0.11026402959820054 0.14867716175104295 0.33292510912463286 0.6511618708687231 0.6923394885333833 0.7873951674580036 0.8706477577981208 0.9057715478639052 0.931053800600515 1.0894529670177702 1.2963025234644527 1.4710691032145287
47 470 -0.5127522007442451 -0.11904603502527979 0.1474770481703081 0.3476227255263009 0.6511618708687231 0.6923394885333833 0.7873951674580036 0.8706477577981208 0.9057715478639052 0.931053800600515 1.0894529670177702 1.2963025234644527 1.4710691032145287
48 480 -0.5008483294477956 -0.12082493813407763 0.16631724675727144 0.3068489234372765 0.6511618708687231 0.6923394885333833 0.7873951674580036 0.8706477577981208 0.9057715478639052 0.931053800600515 1.0894529670177702 1.2963025234644527 1.4710691032145287
49 490 -0.52116377962164 -0.11503730599210416 0.17836089799876967 0.3041576011640659 0.6511618708687231 0.6923394885333833 0.7873951674580036 0.8706477577981208 0.9057715478639052 0.931053800600515 1.0894529670177702 1.2963025234644527 1.4710691032145287
50 500 -0.5306301591564497 -0.14565065602095295 0.16429626791388494 0.3333617197879719 0.6511618708687231 0.6923394885333833 0.7873951674580036 0.8706477577981208 0.9057715478639052 0.931053800600515 1.0894529670177702 1.2963025234644527 1.4710691032145287
51 510 -0.5354539713790598 -0.10445062605544267 0.14228012975437926 0.3816951187871848 0.6511618708687231 0.6923394885333833 0.7873951674580036 0.8706477577981208 0.9057715478639052 0.931053800600515 1.0894529670177702 1.2963025234644527 1.4710691032145287
52 520 -0.5356316527303299 -0.06611783624553932 0.14240265594933005 0.37211264274712075 0.6511618708687231 0.6923394885333833 0.7873951674580036 0.8706477577981208 0.9057715478639052 0.931053800600515 1.0894529670177702 1.2963025234644527 1.4710691032145287
53 530 -0.537468049591618 -0.06549866459572827 0.1571810256698702 0.3829219485503237 0.6511618708687231 0.6923394885333833 0.7873951674580036 0.8706477577981208 0.9057715478639052 0.931053800600515 1.0894529670177702 1.2963025234644527 1.4710691032145287
54 540 -0.4861953120908222 -0.07153401439565563 0.13167046440795427 0.4067014913553543 0.6511618708687231 0.6923394885333833 0.7873951674580036 0.8706477577981208 0.9057715478639052 0.931053800600515 1.0894529670177702 1.2963025234644527 1.4710691032145287
55 550 -0.4661555984061877 -0.07136476841138047 0.1302190245944346 0.4137141470001998 0.6642097779940432 0.7123399807017832 0.7922807092157487 0.8782876730783813 0.9222664067241687 0.9561526436505011 1.1537310921218873 1.2789628299954623 1.3858768370470453
56 560 -0.3972837026768996 -0.06845250065085037 0.12650386160321042 0.3961280600773566 0.6642097779940432 0.7123399807017832 0.7922807092157487 0.8782876730783813 0.9222664067241687 0.9561526436505011 1.1537310921218873 1.2789628299954623 1.3858768370470453
57 570 -0.3538938663105207 -0.07414441394513092 0.14515240790752765 0.46243764410305654 0.6642097779940432 0.7123399807017832 0.7922807092157487 0.8782876730783813 0.9222664067241687 0.9561526436505011 1.1537310921218873 1.2789628299954623 1.3858768370470453
58 580 -0.35892763406180844 -0.0995244757093503 0.12742690785604444 0.4619068498964486 0.6642097779940432 0.7123399807017832 0.7922807092157487 0.8782876730783813 0.9222664067241687 0.9561526436505011 1.1537310921218873 1.2789628299954623 1.3858768370470453
59 590 -0.35746399666250445 -0.09830471503620045 0.11479495544086074 0.43874799621078026 0.6642097779940432 0.7123399807017832 0.7922807092157487 0.8782876730783813 0.9222664067241687 0.9561526436505011 1.1537310921218873 1.2789628299954623 1.3858768370470453
60 600 -0.35733142850710614 -0.08480907123359478 0.12018170929259597 0.3964039758324757 0.6642097779940432 0.7123399807017832 0.7922807092157487 0.8782876730783813 0.9222664067241687 0.9561526436505011 1.1537310921218873 1.2789628299954623 1.3858768370470453
61 610 -0.36526783943340363 -0.0927491009025865 0.11021790748559179 0.3916459476236594 0.6642097779940432 0.7123399807017832 0.7922807092157487 0.8782876730783813 0.9222664067241687 0.9561526436505011 1.1537310921218873 1.2789628299954623 1.3858768370470453
62 620 -0.35407462142990664 -0.1095949994193746 0.10878753431983326 0.3790850894870668 0.6642097779940432 0.7123399807017832 0.7922807092157487 0.8782876730783813 0.9222664067241687 0.9561526436505011 1.1537310921218873 1.2789628299954623 1.3858768370470453
63 630 -0.37084504984363237 -0.09198548733912812 0.08704962909069103 0.3594631414108207 0.6642097779940432 0.7123399807017832 0.7922807092157487 0.8782876730783813 0.9222664067241687 0.9561526436505011 1.1537310921218873 1.2789628299954623 1.3858768370470453
64 640 -0.3554489772310931 -0.08825936275570925 0.0924730264775388 0.3860070313256519 0.672399631233182 0.7211907379147192 0.7866428287864117 0.8740793675487308 0.9161599840831566 1.0131370209572652 1.193650187271481 1.2386372246900015 1.3491190796136645
65 650 -0.3789466107531107 -0.12488727564481826 0.09503282208072172 0.3642163042507448 0.672399631233182 0.7211907379147192 0.7866428287864117 0.8740793675487308 0.9161599840831566 1.0131370209572652 1.193650187271481 1.2386372246900015 1.3491190796136645
66 660 -0.34549215336304423 -0.1228166225408914 0.11558146454465608 0.370443467226863 0.672399631233182 0.7211907379147192 0.7866428287864117 0.8740793675487308 0.9161599840831566 1.0131370209572652 1.193650187271481 1.2386372246900015 1.3491190796136645
67 670 -0.37919798284213135 -0.13889776452925862 0.10375748580269661 0.3712923264830164 0.672399631233182 0.7211907379147192 0.7866428287864117 0.8740793675487308 0.9161599840831566 1.0131370209572652 1.193650187271481 1.2386372246900015 1.3491190796136645
68 680 -0.4051257602529222 -0.12277236206364955 0.08481035983165394 0.3408259093572309 0.672399631233182 0.7211907379147192 0.7866428287864117 0.8740793675487308 0.9161599840831566 1.0131370209572652 1.193650187271481 1.2386372246900015 1.3491190796136645
69 690 -0.37428471383091716 -0.1065270835973662 0.11221896413656893 0.334175092955 0.672399631233182 0.7211907379147192 0.7866428287864117 0.8740793675487308 0.9161599840831566 1.0131370209572652 1.193650187271481 1.2386372246900015 1.3491190796136645
70 700 -0.3723660209322757 -0.10602429361961926 0.14250689459139637 0.2985644259003629 0.672399631233182 0.7211907379147192 0.7866428287864117 0.8740793675487308 0.9161599840831566 1.0131370209572652 1.193650187271481 1.2386372246900015 1.3491190796136645
71 710 -0.38404050986478294 -0.10839100818366312 0.15484084670415332 0.32037773187073926 0.672399631233182 0.7211907379147192 0.7866428287864117 0.8740793675487308 0.9161599840831566 1.0131370209572652 1.193650187271481 1.2386372246900015 1.3491190796136645
72 720 -0.4000472518259424 -0.1008030142684127 0.14193302538360833 0.31924459036150726 0.672399631233182 0.7211907379147192 0.7866428287864117 0.8740793675487308 0.9161599840831566 1.0131370209572652 1.193650187271481 1.2386372246900015 1.3491190796136645
73 730 -0.3809266927397402 -0.0848395506532415 0.10460336055817646 0.3467380258613374 0.6779836423390905 0.7211721090826033 0.8159286472587702 0.8884887390986071 0.9370391058154747 0.9821092813799176 1.1717779826216161 1.2290611243902183 1.3560462228240002
74 740 -0.38643181864946763 -0.0851679337488573 0.09229269434112285 0.35569630590587875 0.6779836423390905 0.7211721090826033 0.8159286472587702 0.8884887390986071 0.9370391058154747 0.9821092813799176 1.1717779826216161 1.2290611243902183 1.3560462228240002
75 750 -0.3799021099032071 -0.0647298368297598 0.08641834339987758 0.35794937926976217 0.6779836423390905 0.7211721090826033 0.8159286472587702 0.8884887390986071 0.9370391058154747 0.9821092813799176 1.1717779826216161 1.2290611243902183 1.3560462228240002
76 760 -0.3550539228002898 -0.05987645982984577 0.08530603849094724 0.32476361398701253 0.6779836423390905 0.7211721090826033 0.8159286472587702 0.8884887390986071 0.9370391058154747 0.9821092813799176 1.1717779826216161 1.2290611243902183 1.3560462228240002
77 770 -0.36599725426100405 -0.07784597152187689 0.1189384388826984 0.3045679520164755 0.6779836423390905 0.7211721090826033 0.8159286472587702 0.8884887390986071 0.9370391058154747 0.9821092813799176 1.1717779826216161 1.2290611243902183 1.3560462228240002
78 780 -0.36325126197571145 -0.08746591683880159 0.10360834390910115 0.3114762877720221 0.6779836423390905 0.7211721090826033 0.8159286472587702 0.8884887390986071 0.9370391058154747 0.9821092813799176 1.1717779826216161 1.2290611243902183 1.3560462228240002
79 790 -0.32278432255975364 -0.08999085433291326 0.11111857710392381 0.30549568369913366 0.6779836423390905 0.7211721090826033 0.8159286472587702 0.8884887390986071 0.9370391058154747 0.9821092813799176 1.1717779826216161 1.2290611243902183 1.3560462228240002
80 800 -0.34153460128756685 -0.06486484782164736 0.1045596839592342 0.3282730531215187 0.6779836423390905 0.7211721090826033 0.8159286472587702 0.8884887390986071 0.9370391058154747 0.9821092813799176 1.1717779826216161 1.2290611243902183 1.3560462228240002
81 810 -0.38842842466984306 -0.06290085218013093 0.10206521278427327 0.3787878762102096 0.6779836423390905 0.7211721090826033 0.8159286472587702 0.8884887390986071 0.9370391058154747 0.9821092813799176 1.1717779826216161 1.2290611243902183 1.3560462228240002
82 820 -0.42591571609905865 -0.05688465927045591 0.1037075521274205 0.3685535991136642 0.6508991565050688 0.7027453546400095 0.755455382420124 0.8829180622230042 0.9582141344644424 1.0692684094925473 1.1501270591466382 1.2437748477014032 1.3419928212116528
83 830 -0.43964117001686065 -0.04392799588607303 0.1050367769794062 0.3885146790397398 0.6508991565050688 0.7027453546400095 0.755455382420124 0.8829180622230042 0.9582141344644424 1.0692684094925473 1.1501270591466382 1.2437748477014032 1.3419928212116528
84 840 -0.4456211108439458 -0.04011050986503621 0.11210030031584481 0.36235171083688 0.6508991565050688 0.7027453546400095 0.755455382420124 0.8829180622230042 0.9582141344644424 1.0692684094925473 1.1501270591466382 1.2437748477014032 1.3419928212116528
85 850 -0.4122134120793485 -0.039005111566464856 0.11134173207344189 0.3645401491202701 0.6508991565050688 0.7027453546400095 0.755455382420124 0.8829180622230042 0.9582141344644424 1.0692684094925473 1.1501270591466382 1.2437748477014032 1.3419928212116528
86 860 -0.4165976399587655 -0.03696201206921712 0.11306587771319135 0.35035717503809727 0.6508991565050688 0.7027453546400095 0.755455382420124 0.8829180622230042 0.9582141344644424 1.0692684094925473 1.1501270591466382 1.2437748477014032 1.3419928212116528
87 870 -0.4024169158732308 -0.04612907330357818 0.11219944841350732 0.35092070513318613 0.6508991565050688 0.7027453546400095 0.755455382420124 0.8829180622230042 0.9582141344644424 1.0692684094925473 1.1501270591466382 1.2437748477014032 1.3419928212116528
88 880 -0.41188198758186106 -0.05555539854515733 0.10618927674206338 0.3447888408215209 0.6508991565050688 0.7027453546400095 0.755455382420124 0.8829180622230042 0.9582141344644424 1.0692684094925473 1.1501270591466382 1.2437748477014032 1.3419928212116528
89 890 -0.39576397254163975 -0.07489875490595008 0.09130181800679996 0.31885810875584136 0.6508991565050688 0.7027453546400095 0.755455382420124 0.8829180622230042 0.9582141344644424 1.0692684094925473 1.1501270591466382 1.2437748477014032 1.3419928212116528
90 900 -0.35979632651272475 -0.06716421669589387 0.11781878640907277 0.30775670389699816 0.6508991565050688 0.7027453546400095 0.755455382420124 0.8829180622230042 0.9582141344644424 1.0692684094925473 1.1501270591466382 1.2437748477014032 1.3419928212116528
91 910 -0.3464607263764213 -0.08042307361231342 0.1226537644297156 0.27503180019931706 0.6917783108372804 0.7123591854054345 0.7954630761669798 0.9007954835072247 0.9736813664067965 1.0863233850196372 1.112403546731122 1.1864426755196018 1.3403549446953058
91 910 -0.3464607263764213 -0.08042307361231342 0.1226537644297156 0.27503180019931706 0.6917783108372804 0.7123591854054345 0.7954630761669798 0.9007954835072247 0.9736813664067965 1.0863233850196372 1.112403546731122 1.1864426755196018 1.3403549446953058
