% # columns="iteration, evaluation, void, void, void, xmean", seed=454620, Sun May  4 20:14:00 2025, <python>{}</python> # scaling_of_variables: 1, typical_x: 0
1 10 0 0 0 2.650723417751655 -0.15158365888089861 4.3673488125522715 -0.7265298863405469 3.779823861074725 -4.528397399933736 2.525739140940846 -0.6678612154158561 2.8861012193370454
2 20 0 0 0 -0.8819904841679348 -4.429987180218716 3.575299384898124 -3.9861305003740304 6.08481218256318 -7.834148639811665 9.489870572937521 2.2623734618708315 5.532783765794669
3 30 0 0 0 0.10617373879416912 -5.139590634321805 3.951968407527133 -3.109493108130924 10.59719006931329 -12.12302643676296 11.208411862748159 3.695081591829267 7.737471280290574
4 40 0 0 0 1.3959896629698438 -0.79739955922831 4.947359390547035 -4.109626906688994 11.45048008880189 -11.31788145910599 14.714206340358793 3.053003106847778 11.361541528920684
5 50 0 0 0 2.263085597711082 -5.445423206756327 5.866471123462755 -1.1919389143545411 12.833536267173336 -8.949245349889052 24.444444062978896 3.079769181223355 15.005880226413302
6 60 0 0 0 0.054524151996470545 -5.996208208062889 5.784370820023127 -4.449708698270648 13.970737095980162 -3.448735818394556 23.454753364368038 4.828499708033132 19.50144263732798
7 70 0 0 0 0.9498713342575903 -7.877955175493695 3.893412766853735 -15.24962448490245 17.62674398390014 -4.955279885256972 30.202754499697303 7.122479450490145 28.523678641582567
8 80 0 0 0 1.0431342144664675 -11.166166484535482 2.4075627169160674 -14.367995369053705 14.361834371326141 -5.091233708911033 35.781276833672614 6.615187955087361 37.63141739235787
9 90 0 0 0 2.088262705647612 -5.895185306952802 1.6780229635393844 -15.360132025044326 11.939093040635079 -5.864826302458717 38.933084779668775 12.091573146553609 46.02843808077567
10 100 0 0 0 6.071033445501484 -8.528550763725434 0.014063499485196184 -12.656240152997142 12.595641028186652 -4.796896372357821 48.46555369636295 15.02806152826494 50.4513833282527
11 110 0 0 0 8.145938837218605 -4.877719592670987 -10.717246235612675 -9.265410923058218 12.963358877485813 -6.131051001485362 55.445442521891124 18.66427684291535 44.22190435229681
12 120 0 0 0 4.9214713922878675 -6.525802446965116 -9.18669813602661 -15.410324177322998 13.32851259534485 -15.472507068418896 57.85681490595506 19.203892136075677 43.240844008845485
13 130 0 0 0 10.830713114013182 -3.1416057630465666 -5.462438159363077 -20.09410607829541 13.401258631314871 -19.07968844525152 70.58078679373236 30.202803845875902 50.78052838179065
14 140 0 0 0 6.807640940342068 0.4921967107566783 -10.31239248435391 -13.704239896881253 7.659901907372377 -14.76596230811144 60.65034990350481 17.94553517982789 53.87350612609243
15 150 0 0 0 12.916265270602215 -1.8473659943875536 -11.996573829758676 -14.25754658195328 9.181175578603884 -10.43883677447298 79.53045694940506 20.732372639989336 69.63628140319398
16 160 0 0 0 15.670569303443873 -8.570731278916764 -14.571641104639358 -16.661509965616485 11.783224515663768 -6.008093490665143 98.20045511365196 33.08364452356361 91.46342923784738
17 170 0 0 0 9.327084099612 -10.12475606649628 -17.228375500313685 -20.17411424680545 10.198077720529533 -2.9370072180878686 109.67489041865976 30.586169615005105 89.5500209369392
18 180 0 0 0 18.225316670122208 -8.783315628211438 -17.061844856748014 -18.045540549915216 12.012769159569432 -9.650490012466035 126.77586959789838 43.653844641975354 91.73237237103909
19 190 0 0 0 15.583017228856084 -9.889385440379481 -14.877033915705539 -18.351429404181342 13.640748415772352 -11.828541755859874 110.21177052843447 24.311895103440165 83.74923353392629
20 200 0 0 0 14.77723565977884 -10.961240872463843 -17.081280221526665 -20.27547581742076 12.270165865806725 -14.759054603355695 106.41687613770061 24.00800840766661 89.59562039676433
21 210 0 0 0 15.670942201110112 -7.504172471276458 -21.7205268129542 -22.748362300344972 12.946587902603344 -16.47373007467974 110.97192074187127 27.724002544864288 94.80063638380254
22 220 0 0 0 10.770238425769662 -0.8608425059282787 -21.645850658268724 -19.295339612992812 10.34978423748055 -20.847858123179364 111.45677639403816 19.28532411354193 97.1284144888064
23 230 0 0 0 8.079712220169881 -7.474621612274524 -17.230113967689793 -20.81903376275575 12.58730223832724 -17.255560288286983 103.01778008771244 29.035447149181493 92.45685287515934
24 240 0 0 0 8.58281137806528 -2.0430199499572255 -20.241410765303606 -18.191398563500574 10.514172429888971 -17.553360639667144 107.3154096778648 24.35852369874248 99.28486864769559
25 250 0 0 0 7.621793708968755 -0.12828066647335745 -19.22097734043703 -19.26709322417647 11.759823912320432 -17.015882511373942 109.79095789416098 26.38535709995624 102.25419784778532
26 260 0 0 0 7.588356990835198 2.4447724885269237 -20.908293627979507 -20.615005567469257 10.7585457739375 -15.37594187483445 108.0260517375918 23.34473576954245 105.05766202094169
27 270 0 0 0 5.78885973095886 3.6109579904523836 -19.152438482008915 -20.163908223205524 11.367039143455127 -14.839850915508674 104.27048655599904 29.804275332606064 103.22286063479015
28 280 0 0 0 5.997616663059884 -0.07518119846492152 -23.421119241716315 -17.272856696576138 12.76249548307576 -11.190555219932016 104.51102587199905 26.55566423559687 108.15947582377872
29 290 0 0 0 6.682674926070239 -0.8533327377821011 -22.2459164223323 -17.60551847139995 13.123781853341129 -6.8497054384856 102.90094919499927 29.32002685885898 104.3257215331284
30 300 0 0 0 5.308276512809301 -6.029748556020837 -22.344846116831242 -16.1755243150629 15.211750590203904 -7.941489498809666 105.31027742086764 31.438799347049066 110.21423212361346
31 310 0 0 0 9.777230137478979 -4.7326583940349884 -25.856395672862305 -13.865274625442067 11.292102429487713 -6.4557372940165 104.35822689143413 26.609283937013476 111.91699199134541
32 320 0 0 0 9.867558918766514 -3.181653066639971 -28.690389530004392 -11.752348473179996 9.618595333676451 -8.091047477299602 97.29924751616879 24.482716920267695 109.04689871798824
33 330 0 0 0 11.338644743251894 -4.407664835790165 -26.669527612325595 -12.302194082091276 11.794194133917463 -10.247855061144834 106.67766369848864 18.62509701083243 116.30503386787271
34 340 0 0 0 10.84630313719463 -6.272080122544007 -21.964850001323867 -9.720283830500646 11.968778245340182 -11.596189452925158 107.93395465303816 19.4696729878555 113.85687604684553
35 350 0 0 0 6.472023461096837 -8.903730429666044 -22.606547776673736 -7.726323468124765 12.472759758539246 -13.29837597534102 104.56810263152137 15.533266447724397 106.40000541963309
36 360 0 0 0 9.736899528235627 -7.950038780557092 -25.43265919949645 -4.58586773191367 11.103600012375205 -13.18844840071112 102.84430518839568 14.317637315305861 106.78533673502017
37 370 0 0 0 6.733894914444442 -10.800742746734928 -25.261576984206357 -4.085669328941194 12.648376644222308 -9.233171871601948 103.11184528137426 14.58087319811096 103.38037307483772
38 380 0 0 0 8.974478310400286 -10.20088545135798 -24.03517500445326 -8.420798334047237 13.55786117658152 -11.08026910943769 106.15510459828246 14.456772331140945 103.0513457975477
39 390 0 0 0 11.242680300277872 -6.574149665887304 -28.44414359501247 -8.156778642336405 10.786740570059841 -7.822291909767398 105.97491467963128 13.897588652682646 105.57000936523932
40 400 0 0 0 12.983964950235674 -10.011706755572055 -26.397958993800557 -4.491540420915846 10.879962780676928 -9.03017350954676 106.36476084016147 13.219100097797373 102.8095087082671
41 410 0 0 0 14.294450159384848 -7.356798831020333 -29.924543315813604 -4.92245997344484 9.337327784370029 -6.889314831359905 106.13369435717158 12.149462843828697 104.64889263434551
42 420 0 0 0 13.247616416639103 -8.737941338789824 -28.544997712272433 -6.978216301608144 10.945413721444577 -5.90214437135384 107.61461016743851 12.668797949793928 102.52819230884994
43 430 0 0 0 13.622479436630332 -8.822321061984463 -26.30964540144062 -6.632776578917652 12.75335469992827 -3.395546836205141 109.16530542727969 14.482517328065358 99.5210973812917
44 440 0 0 0 14.98123185009464 -8.80639507756213 -27.380873523155223 -6.619019379732092 12.486338049731215 -2.842989485233211 107.03045490208436 13.570126016057566 105.01782928036425
45 450 0 0 0 12.81736392209505 -10.855551979092048 -24.794436792131275 -7.7027603998025365 14.474520898804203 -3.998625722109562 106.06072719400983 14.687520930314998 103.71176807998467
46 460 0 0 0 13.838955875416476 -11.293560339705357 -24.086863538967982 -8.655976586321092 15.121478804084685 -1.8162329725299053 107.71886250988969 12.664111422374676 105.15572344394134
47 470 0 0 0 14.24749070898851 -10.193095951871776 -24.111449551622805 -8.683298051612285 14.76315039824167 -4.324742891445243 108.52141797997348 13.832067859862713 105.64980552627961
48 480 0 0 0 14.151373477379186 -11.135926497957653 -22.890486338325996 -8.579984962762127 15.26898531137778 -6.31529651967224 108.40110001987634 14.618783345511439 104.35998744027717
49 490 0 0 0 13.149304517547627 -9.554516135331276 -23.51318578237554 -8.363367874236994 14.86270771842536 -8.911869050290772 106.76488777315305 14.552291215056693 103.86051179051282
50 500 0 0 0 14.992356757150304 -9.748099306897963 -22.906671431206938 -8.865369551931963 14.51809842558024 -9.020997081375745 106.04027352823007 13.711282971032615 104.44306466281662
51 510 0 0 0 16.530223856267295 -7.745741093103512 -22.718844678132882 -8.636593147966845 14.285320680775841 -7.542903183380951 105.09327607857983 14.030376833901062 104.16755433689762
52 520 0 0 0 17.815513590452277 -7.759566474187068 -22.24110624500599 -8.652158232521414 13.699089770329497 -6.057768888009934 104.11402213867053 13.436296541310524 104.79187741210401
53 530 0 0 0 16.04445221377778 -8.34387210168857 -21.206956185068343 -7.978278084276813 14.14656181487499 -7.019208872297907 105.50468900387384 14.455753287027878 105.28720333447838
54 540 0 0 0 16.16501772069359 -9.528086207256262 -20.465354404320035 -7.111482742046967 15.263955731305423 -4.806423343648046 105.66149107484361 13.877472131866599 104.27026429027195
55 550 0 0 0 15.640864577767303 -9.410727131372774 -21.827221640108462 -7.468084090844218 14.243088326637936 -4.87090462587799 104.10901611914944 13.187720293388923 103.99330381022084
56 560 0 0 0 16.242168858810942 -9.279796983592705 -20.639063065113028 -8.415738453227029 14.617550982839372 -4.5331243553435305 104.66558506964296 13.913585760777403 105.23346336279042
57 570 0 0 0 17.16442996707382 -9.01513595320558 -19.6077719748492 -8.51504067402587 14.318736658570824 -5.5726012028848775 105.26408697367158 13.36417617766088 105.21683622599501
58 580 0 0 0 16.5859906070868 -8.481071031311139 -20.81333046740461 -6.923702060961808 13.868103257088881 -5.824095628554608 105.24436891161889 13.641269842813418 105.02876968729097
59 590 0 0 0 16.606033121317374 -8.418372378270746 -21.169573177974268 -6.451259174797651 13.789820905816265 -4.874285906085565 104.77872451802777 13.16344468466002 105.21265877618995
60 600 0 0 0 17.41774876015931 -9.525057868971407 -20.6792976410985 -6.631928683589705 13.378853342632583 -3.6626989352907215 104.31065554056238 13.557291008565722 105.52233979496066
61 610 0 0 0 17.685295664998847 -9.491292845539423 -20.660630973204967 -6.554862102028843 13.029377227515749 -3.515865371340961 105.09953384779449 13.860724034120834 104.86224954072864
62 620 0 0 0 17.417310043072597 -9.943624569271265 -21.199881639928957 -7.299265614154056 13.394784784387877 -3.590621892005522 105.86024773156042 13.931561907057278 105.00688884310084
63 630 0 0 0 18.61365309024688 -9.548711940003592 -21.310500646031876 -7.482994310535872 13.280542837779628 -2.853922077757935 105.33299248032812 13.467404530857063 104.99235170090402
64 640 0 0 0 18.10083302894625 -9.728772749640783 -20.71088872173846 -7.0769576163709615 13.091951202929376 -2.909208661982185 104.65177241396863 13.388826459160496 104.82353544770174
65 650 0 0 0 18.29494925879111 -9.747907327624011 -20.347941795822997 -7.7526801067994615 13.194653400605894 -2.994191645784316 104.80072301063683 13.345229497754401 104.6316157065378
66 660 0 0 0 18.125159208184396 -9.430066490075568 -20.109616285486712 -7.89884094601349 13.306708631706766 -3.1533172423664957 104.86312229845912 13.333561646270814 104.97724408201901
67 670 0 0 0 17.82087435383248 -9.365743971597041 -20.16239021568082 -7.834509539589819 13.524164671866915 -3.9004919010531327 104.70114192378259 13.355076239707214 104.92880739209068
68 680 0 0 0 18.182613675376725 -9.032761994294404 -20.588334406036186 -7.9848478696723735 13.443736584596667 -4.582148762963829 104.60246203389359 13.36080729769244 105.02004407043788
69 690 0 0 0 17.500138688500897 -9.164951715267634 -20.995319507791976 -7.72396336397599 13.388064062806297 -4.119066895245685 104.61311820397763 13.316178087974405 104.80334283832838
70 700 0 0 0 17.7287160640056 -9.690298095572519 -21.456931687375164 -7.785690047247456 13.107226387078699 -3.345294048349116 104.68702948733994 13.22394504891785 104.81467398999213
71 710 0 0 0 18.155338846375194 -9.942844433012327 -21.48654740842864 -7.791564153267652 13.224705006633787 -3.152512894399967 104.59733106473072 13.210638328198218 105.2375404601782
72 720 0 0 0 18.677841917281107 -9.729859847012532 -22.43131228728315 -8.040747771175136 12.7746467279647 -2.0598744161803806 105.13177788135202 13.262363466079117 105.32042848434894
73 730 0 0 0 18.943723056561595 -9.844047376478638 -22.13170982710454 -7.598399495042888 12.93546575836821 -1.5816138150596837 105.18905706570396 13.257751854095346 105.10154539048003
74 740 0 0 0 19.004580736924623 -9.558973307678704 -21.221128318089214 -7.713831177123552 12.966219025646371 -2.543762951108767 104.94922446304948 13.22746544187077 105.26664904119855
75 750 0 0 0 18.865735513345715 -9.83345931594405 -20.457136645919753 -7.9845155868025035 13.364727876527018 -2.92496948260814 104.86994850604519 13.191530063431001 105.15913494373675
76 760 0 0 0 18.807184322271443 -9.951942700669994 -20.51584073945201 -7.800794544966607 13.415565035100359 -3.0571973899101454 105.06024136839227 13.177820808227724 105.04586447502253
77 770 0 0 0 18.233462874733103 -9.8632888188497 -20.4819095463512 -7.929020659180402 13.532894266807894 -3.869805885377065 104.78765232072432 13.207021804515406 104.80371212131878
78 780 0 0 0 18.33445015878112 -9.442556882423327 -20.123253419054453 -8.290143898377954 13.55326508463065 -3.9447383497777335 105.01396049080549 13.134522086551263 104.96690652162712
79 790 0 0 0 18.76829897087219 -9.483988559892785 -19.857452945646056 -8.497049830023027 13.724497415487003 -3.849122285598104 105.08164276808034 13.176294076811551 105.13810263356199
80 800 0 0 0 19.16101729008091 -9.365287386604175 -20.30777463748417 -8.63071290447009 13.492445052982054 -3.1587742924617737 105.07786923575861 13.19080709572203 105.04770393623544
81 810 0 0 0 19.21061363101135 -9.061587222343936 -20.25473490803706 -8.527547159542475 13.43185600701423 -3.8175910369320443 104.94904390773875 13.164405007137233 105.07731809836461
82 820 0 0 0 19.164586119038656 -8.896253098037977 -20.657382273756852 -8.734003677966221 13.255885182682942 -3.7810323400410946 105.12039536748681 13.239455891369705 105.14738299888177
83 830 0 0 0 19.393122711777384 -9.158150237072999 -20.757377149148972 -8.821832638386262 13.160946410824794 -3.4419386262334695 105.27919860584288 13.293296075535947 105.19494122881994
84 840 0 0 0 19.82462634461931 -9.085024901690218 -20.94973633434884 -8.93434938190493 13.007648568140219 -3.113589217836943 104.94703590362676 13.258029483096834 104.9875156071598
85 850 0 0 0 20.18967958746731 -8.72608404445629 -20.84575562367569 -9.397479393534885 12.936654553196213 -3.188142078250741 104.98620170635125 13.196860042913764 105.03270262228625
86 860 0 0 0 20.043245337252614 -8.648897921182852 -21.092813122120592 -9.573089783905678 12.943618203945617 -2.5814199331496765 105.1081886835242 13.276339830391342 105.04688535272422
87 870 0 0 0 20.24840140396831 -8.66518092057298 -20.783589256171474 -9.462280752549944 13.021901641296324 -2.9054790501937524 104.91017565219181 13.207624783443881 105.09425054483906
88 880 0 0 0 20.200564076112244 -8.297555430299324 -20.55919653854651 -9.578074484350932 12.916783881929213 -3.192147377131804 104.95205543949457 13.240676680657387 105.08274833117744
89 890 0 0 0 20.523227438704378 -8.462729983745293 -20.80880478417991 -9.648698218872052 12.782206797690915 -2.835316018515787 104.93550795278304 13.204957864415487 105.09514444653863
90 900 0 0 0 20.574913238397112 -8.511955842008101 -21.025479770263164 -9.569381706691889 12.759769958595617 -2.523763331276194 104.98128917181938 13.146595249028943 104.9866231201766
91 910 0 0 0 20.489297145158957 -8.616154221914977 -20.895175598629077 -9.491622580174614 12.859376407862788 -2.432759695065699 104.98386628421032 13.215668802392704 105.0400589477078
91 910 0 0 0 20.489297145158957 -8.616154221914977 -20.895175598629077 -9.491622580174614 12.859376407862788 -2.432759695065699 104.98386628421032 13.215668802392704 105.0400589477078
